28,13
29,9
33,8
15,8
0,437
27,8
0,436
32,9
32,8
0,435
0,434
38,8
38,7
38,5
38,4
38,3
38,2
38,1
37,5
37,4
37,3
37,2
37,1
36,5
36,4
36,3
36,2
36,1
35,8
35,7
35,6
35,5
35,3
35,2
35,1
34,5
34,4
34,3
34,2
34,1
33,7
33,6
33,5
33,3
33,2
33,1
32,7
32,6
32,3
32,2
32,1
31,3
31,2
31,1
30,3
30,2
30,1
29,5
29,4
29,3
29,2
29,1
28,12
28,8
28,7
28,6
28,5
28,4
28,3
28,2
28,1
27,7
27,6
27,5
27,3
27,2
27,1
26,5
26,4
26,3
26,2
26,1
25,5
25,4
25,3
25,2
25,1
24,5
24,4
24,3
24,2
24,1
23,8
23,7
23,6
23,5
23,3
23,2
23,1
22,8
22,7
22,6
22,5
22,3
22,2
22,1
21,5
21,4
21,3
21,2
21,1
20,8
20,7
20,6
20,5
20,3
20,2
20,1
19,7
19,6
19,5
19,3
19,2
19,1
18,5
18,4
18,3
18,2
18,1
17,5
17,4
17,3
17,2
17,1
16,4
16,3
16,2
16,1
15,7
15,6
15,5
15,3
15,2
15,1
14,6
14,5
14,4
14,3
14,2
14,1
13,5
13,4
13,3
13,2
13,1
12,3
12,2
12,1
11,8
11,6
11,5
11,4
11,3
11,2
11,1
10,3
10,2
10,1
9,9
9,8
9,7
9,6
9,5
9,3
9,2
9,1
8,5
8,4
8,3
8,2
8,1
7,5
7,4
7,3
7,2
7,1
6,8
6,7
6,6
6,5
6,3
6,2
6,1
5,5
5,4
5,3
5,2
5,1
2,9
2,8
2,7
2,6
2,5
2,4
2,3
2,2
2,0
1,3
0,412
0,397
0,324
0,243
0,9
0,0
0,1
0,427
0,300
0,391
0,299
0,390
0,298
0,415
0,297
0,426
0,296
0,389
0,295
0,388
0,294
0,387
0,293
0,414
0,292
0,433
0,291
0,386
0,290
0,385
0,289
0,413
0,288
0,411
0,287
0,384
0,286
0,383
0,285
0,382
0,284
0,381
0,283
0,425
0,282
0,410
0,281
0,380
0,280
0,379
0,279
0,378
0,278
0,377
0,277
0,409
0,276
0,432
0,275
0,376
0,274
0,375
0,273
0,374
0,272
0,373
0,271
0,431
0,270
0,408
0,269
0,372
0,268
0,371
0,267
0,370
0,266
0,369
0,265
0,368
0,264
0,367
0,263
0,262
0,424
0,261
0,366
0,260
4,3
0,365
0,259
0,364
0,258
0,430
0,257
0,423
0,256
0,363
0,255
0,362
0,254
2,1
0,361
0,253
0,360
0,252
0,422
0,251
0,250
0,359
0,249
0,358
0,248
0,357
0,247
0,246
0,421
0,245
0,356
0,244
0,355
0,242
0,354
0,241
0,353
0,240
0,420
0,239
0,429
0,238
0,352
0,237
0,351
0,236
0,419
0,235
0,428
0,234
0,350
0,233
0,349
0,232
0,348
0,231
0,347
0,230
0,407
0,229
0,406
0,228
0,346
0,227
0,345
0,226
0,344
0,225
0,405
0,224
0,404
0,223
0,343
0,222
0,342
0,221
0,341
0,220
0,340
0,219
0,403
0,218
0,402
0,217
0,339
0,216
0,338
0,215
0,337
0,214
0,336
0,213
0,401
0,212
0,400
0,211
0,335
0,210
0,334
0,209
0,333
0,208
0,332
0,207
0,399
0,206
0,398
0,205
0,331
0,204
0,330
0,203
0,329
0,202
0,328
0,201
0,395
0,200
0,418
0,199
0,327
0,198
0,326
0,197
0,325
0,196
0,323
0,195
0,194
0,394
0,193
0,322
0,192
0,321
0,63
0,320
0,62
0,319
0,61
0,393
0,60
0,417
0,59
0,318
0,58
0,317
0,57
0,316
0,56
0,392
0,55
0,416
0,54
0,315
0,53
0,314
0,52
0,313
0,51
0,312
0,50
0,311
0,49
0,310
0,48
0,309
0,47
0,308
0,46
0,307
0,45
0,301
0,6
0,5
0,304
0,303
0,306
0,305
0,302
0,12
0,396
0,10
0,8
0,11
0,4
0,2
0,3
0,7
38,0
37,0
36,0
35,0
34,0
33,0
32,0
31,0
30,0
29,0
28,0
27,0
26,0
25,0
24,0
23,0
22,0
21,0
20,0
19,0
18,0
17,0
16,0
15,0
14,0
13,0
12,0
11,0
10,0
9,0
8,0
7,0
6,0
5,0
